function [C] = Power_matrix()

C=[1,0,0,0,0,0;...
   0,1,0,0,0,0;...
   0,0,1,0,0,0;...
   0,0,0,1,0,0;...
   0,0,0,0,1,0;...
   0,0,0,0,0,1];


end

